Paredes (arriba, izq, abajo, der)
1100 1000 1000 1000 1001 1111 1101 1101
0110 0010 0000 0000 0001 1111 0100 0001
1100 1000 0001 1110 1011 1110 0010 0011
0100 0001 0100 1010 1010 1011 1110 1011
0100 0000 0001 1100 1001 1100 1000 1001
0110 0010 0011 0110 0011 0110 0010 0011
Falsas alarmas
2 4 f
Victimas
6 7 v
4 8 v
Fuego (renglon y columna)
1 7
4 3
5 2
1 5
2 2
2 6
6 1
1 8
2 1
6 4
Puertas (renglon 1 columna 1 conecta con renglon 2 columna 2)
1 6 1 7
2 6 2 7
3 6 4 6
4 6 4 7
4 5 5 5
4 6 5 6
5 3 5 4
3 5 4 5
Puntos de entrada (Renglon y columna)
1 3
1 8
5 1
6 3
